[(445, 460), (562, 592), (670, 715), (1024, 1039), (1112, 1127)]
[(450, 465), (643, 658), (937, 967), (994, 1009)]
[(645, 705), (1023, 1083), (1248, 1293)]
[(579, 624), (768, 828), (1134, 1164)]
[(524, 569), (787, 802), (809, 824)]
[(807, 822), (969, 1029), (1167, 1182), (1246, 1291)]
[(1011, 1056), (1141, 1171), (1269, 1314)]
[(501, 546), (1097, 1112), (1211, 1241)]
[(586, 631), (809, 824), (884, 929)]
[(634, 679), (966, 996), (1043, 1058), (1138, 1183)]
[(587, 617), (808, 868), (1075, 1120), (1121, 1151), (1206, 1251)]
[(830, 875), (1244, 1259), (1261, 1291)]
[(566, 626), (636, 651), (825, 885), (1091, 1136)]
[(672, 702), (790, 850), (1017, 1077), (1184, 1229)]
[(513, 573), (941, 971), (1301, 1316)]
[(485, 545), (1062, 1092), (1231, 1261)]
[(431, 476), (961, 1021), (1030, 1090), (1118, 1133)]
[(423, 453), (534, 579), (865, 910), (932, 977), (1207, 1252)]
[(576, 606), (939, 984), (1060, 1075)]
[(534, 549), (920, 965), (972, 1002), (1033, 1048)]
[(507, 522), (665, 710), (1000, 1015), (1255, 1315)]
[(551, 581), (691, 721), (982, 1042)]
[(543, 603), (636, 696), (828, 873), (949, 994), (1150, 1180)]
[(485, 515), (645, 675), (1022, 1067)]
[(452, 467), (654, 669), (1144, 1159)]
[(639, 699), (705, 735), (946, 961), (1160, 1190)]
[(516, 576), (668, 728), (782, 842), (1094, 1109), (1246, 1306)]
[(482, 497), (898, 958), (1109, 1124), (1165, 1225)]
[(614, 644), (674, 689), (705, 735), (852, 912)]
[(471, 486), (497, 527), (1191, 1206), (1247, 1307)]
[(480, 510), (836, 866), (912, 972)]
[(422, 482), (691, 751), (853, 913)]
[(479, 509), (578, 638), (723, 753), (1018, 1063), (1185, 1200)]
[(478, 508), (1029, 1059), (1111, 1126), (1291, 1306)]
[(542, 602), (1012, 1042), (1054, 1069)]
[(687, 732), (1093, 1153), (1153, 1183)]
[(554, 614), (691, 721), (888, 933), (1189, 1234)]
[(495, 510), (889, 904), (938, 968)]
[(670, 685), (711, 756), (777, 807), (868, 898)]
[(526, 571), (690, 720), (1046, 1091), (1103, 1118), (1180, 1195)]
[(628, 673), (698, 728), (937, 982), (1039, 1084), (1154, 1184)]
[(423, 438), (472, 517), (703, 763), (1069, 1084)]
[(429, 489), (585, 630), (984, 1044), (1072, 1102)]
[(978, 1008), (1127, 1142), (1274, 1289)]
[(462, 492), (635, 650), (793, 838), (860, 890)]
[(662, 692), (782, 797), (1102, 1132), (1187, 1247), (1250, 1280)]
[(445, 505), (1174, 1204), (1221, 1266)]
[(693, 723), (811, 826), (1226, 1256), (1299, 1314)]
[(444, 474), (624, 654), (778, 838), (1260, 1305)]
[(705, 750), (779, 824), (828, 858), (1115, 1175), (1211, 1226)]
[(448, 493), (531, 576), (687, 702), (773, 833), (1014, 1044)]
[(421, 481), (680, 710), (814, 829), (866, 911), (1145, 1160)]
[(491, 551), (792, 822), (939, 984), (1058, 1103), (1157, 1202)]
[(616, 646), (754, 814), (987, 1032), (1133, 1193)]
[(731, 746), (835, 880), (1050, 1080), (1113, 1173)]
[(860, 890), (896, 941), (943, 973), (1111, 1171)]
[(515, 560), (710, 725), (737, 767), (1094, 1124)]
[(467, 482), (570, 600), (906, 936)]
[(669, 729), (886, 901), (926, 986), (1064, 1124), (1155, 1185)]
[(644, 704), (1188, 1203), (1217, 1232)]
[(471, 531), (887, 902), (1288, 1318)]
[(1103, 1163), (1193, 1238), (1254, 1314)]
[(582, 642), (880, 940), (981, 1041), (1189, 1234), (1280, 1310)]
[(499, 559), (701, 731), (763, 808), (1061, 1121), (1204, 1249)]
[(485, 515), (561, 576), (656, 686), (1130, 1190)]
[(631, 646), (758, 818), (845, 905), (1208, 1268)]
[(780, 795), (908, 968), (971, 1031), (1191, 1236), (1297, 1312)]
[(449, 509), (699, 729), (764, 824), (919, 949), (1161, 1221)]
[(505, 520), (550, 610), (823, 838)]
[(471, 531), (558, 618), (636, 681), (808, 853), (1199, 1259)]
[(678, 738), (901, 916), (972, 987), (1190, 1235)]
[(649, 694), (1192, 1207), (1219, 1234)]
[(624, 654), (664, 694), (1056, 1071)]
[(896, 926), (997, 1012), (1105, 1165)]
[(591, 636), (738, 768), (1012, 1027), (1205, 1250), (1258, 1273)]
[(497, 527), (826, 886), (1009, 1054)]
[(524, 554), (775, 790), (799, 859), (1120, 1165), (1235, 1250)]
[(432, 477), (863, 878), (921, 981)]
[(865, 895), (954, 984), (1050, 1095), (1144, 1204)]
[(705, 720), (750, 795), (896, 956), (1168, 1228), (1270, 1300)]
[(764, 824), (926, 941), (1003, 1063), (1188, 1218)]
[(706, 751), (783, 813), (919, 949), (989, 1034)]
[(507, 537), (920, 980), (1157, 1187)]
[(515, 530), (646, 691), (922, 982), (1127, 1157), (1231, 1291)]
[(733, 763), (780, 825), (855, 900), (904, 949)]
[(543, 588), (616, 646), (697, 757), (915, 945), (1180, 1210)]
[(434, 464), (522, 567), (723, 753), (789, 819)]
[(475, 490), (525, 585), (700, 730), (1073, 1103), (1134, 1179)]
[(472, 502), (768, 828), (900, 945)]
[(536, 596), (830, 845), (1010, 1070), (1250, 1265)]
[(507, 552), (881, 941), (991, 1021), (1040, 1100), (1214, 1244)]
[(732, 792), (1022, 1067), (1177, 1192), (1201, 1216)]
[(580, 595), (597, 627), (690, 720)]
[(580, 595), (657, 672), (718, 778), (838, 853), (1125, 1185)]
[(492, 552), (690, 720), (855, 885), (1139, 1184)]
[(493, 523), (692, 722), (1083, 1113)]
[(869, 914), (1029, 1074), (1231, 1261)]
[(832, 877), (932, 977), (1125, 1185)]
[(513, 528), (676, 721), (868, 928), (1032, 1047), (1172, 1187)]
[(599, 614), (1010, 1055), (1203, 1218)]
